#RoadsPlacement
1 (700.0,401.65,407.67,401.65) 
2 (392.35,101.65,100.0,101.65) 
3 (592.53,101.65,403.22,101.65) 
4 (700.0,101.65,603.27,101.65) 
5 (292.23,248.69,92.11,247.81) 
6 (499.21,245.89,307.48,248.61) 
7 (703.92,243.86,514.52,245.71) 
8 (297.0,254.23,205.48,394.62) 
9 (397.05,107.25,305.43,241.59) 
10 (503.93,251.48,405.7,394.61) 
11 (597.34,107.17,512.44,238.69) 
12 (196.74,401.65,100.0,401.65) 
13 (396.79,401.65,207.5,401.65) 
14 (407.67,398.35,700.0,398.35) 
15 (100.0,98.35,392.35,98.35) 
16 (403.22,98.35,592.53,98.35) 
17 (603.27,98.35,700.0,98.35) 
18 (92.13,244.51,292.24,245.39) 
19 (307.43,245.31,499.17,242.59) 
20 (514.49,242.41,703.88,240.56) 
21 (202.71,392.82,294.24,252.42) 
22 (302.71,239.73,394.33,105.39) 
23 (402.98,392.74,501.21,249.61) 
24 (509.67,236.9,594.56,105.38) 
25 (100.0,398.35,196.74,398.35) 
26 (207.5,398.35,396.79,398.35) 
#Vertices
1 ((407.67, 403.25), (407.67, 396.75), (407.02, 395.51), (401.66, 391.84), (396.79, 396.75), (396.79, 403.25), (407.67, 403.25)) 
2 ((603.27, 103.25), (603.27, 96.75), (592.53, 96.75), (592.53, 103.25), (593.22, 104.51), (598.68, 108.04), (603.27, 103.25)) 
3 ((100.0, 399.95), (100.0, 403.25), (100.0, 400.05), (100.0, 399.95)) 
4 ((700.0, 400.05), (700.0, 396.75), (700.0, 399.95), (700.0, 400.05)) 
5 ((100.0, 99.95), (100.0, 103.25), (100.0, 100.05), (100.0, 99.95)) 
6 ((403.22, 103.25), (403.22, 96.75), (392.35, 96.75), (392.35, 103.25), (393.0, 104.49), (398.37, 108.15), (403.22, 103.25)) 
7 ((700.0, 100.05), (700.0, 96.75), (700.0, 99.95), (700.0, 100.05)) 
8 ((92.12, 246.11), (92.11, 249.41), (92.12, 246.21), (92.12, 246.11)) 
9 ((307.5, 250.21), (307.41, 243.71), (306.76, 242.49), (301.39, 238.83), (292.25, 243.79), (292.22, 250.29), (292.9, 251.55), (298.34, 255.1), (307.5, 250.21)) 
10 ((514.54, 247.31), (514.47, 240.81), (513.79, 239.56), (508.33, 236.04), (499.14, 240.99), (499.24, 247.49), (499.89, 248.71), (505.25, 252.38), (514.54, 247.31)) 
11 ((703.9, 242.26), (703.87, 238.96), (703.9, 242.16), (703.9, 242.26)) 
12 ((207.5, 403.25), (207.5, 396.75), (206.82, 395.49), (201.37, 391.94), (196.74, 396.75), (196.74, 403.25), (207.5, 403.25)) 
