#RoadsPlacement
1 (98.4,390.82,98.4,111.73) 
2 (483.58,393.58,307.49,305.54) 
3 (197.93,200.19,107.16,109.42) 
4 (292.8,201.6,201.33,201.6) 
5 (398.67,201.6,307.2,201.6) 
6 (492.84,109.42,402.07,200.19) 
7 (298.4,192.8,298.4,107.2) 
8 (298.4,294.02,298.4,207.2) 
9 (298.4,392.8,298.4,309.18) 
10 (498.4,390.82,498.4,111.73) 
11 (292.8,101.6,111.73,101.6) 
12 (482.44,401.6,307.2,401.6) 
13 (488.27,101.6,307.2,101.6) 
14 (292.8,401.6,117.56,401.6) 
15 (292.51,305.54,116.42,393.58) 
16 (101.6,111.73,101.6,390.82) 
17 (308.92,302.67,485.01,390.72) 
18 (109.42,107.16,200.19,197.93) 
19 (201.33,198.4,292.8,198.4) 
20 (307.2,198.4,398.67,198.4) 
21 (399.81,197.93,490.58,107.16) 
22 (301.6,107.2,301.6,192.8) 
23 (301.6,207.2,301.6,294.02) 
24 (301.6,309.18,301.6,392.8) 
25 (501.6,111.73,501.6,390.82) 
26 (111.73,98.4,292.8,98.4) 
27 (307.2,398.4,482.44,398.4) 
28 (307.2,98.4,488.27,98.4) 
29 (117.56,398.4,292.8,398.4) 
30 (114.99,390.72,291.08,302.67) 
#Vertices
1 ((96.8, 111.73), (103.2, 111.73), (103.51, 109.82), (103.91, 109.43), (104.46, 109.43), (105.16, 109.8), (106.03, 110.55), (110.55, 106.03), (109.43, 104.46), (109.43, 103.91), (109.82, 103.51), (110.58, 103.28), (111.73, 103.2), (111.73, 96.8), (107.16, 97.21), (103.43, 98.46), (100.53, 100.53), (98.46, 103.43), (97.21, 107.16), (96.8, 111.73)) 
2 ((117.56, 403.2), (117.56, 396.8), (117.13, 395.01), (114.27, 389.29), (110.89, 390.87), (108.12, 391.92), (105.97, 392.44), (104.43, 392.43), (103.51, 391.89), (103.2, 390.82), (96.8, 390.82), (97.38, 394.6), (99.11, 397.7), (101.99, 400.11), (106.02, 401.82), (111.21, 402.86), (117.56, 403.2)) 
3 ((496.8, 111.73), (503.2, 111.73), (502.79, 107.16), (501.54, 103.43), (499.47, 100.53), (496.57, 98.46), (492.84, 97.21), (488.27, 96.8), (488.27, 103.2), (490.18, 103.51), (490.57, 103.91), (490.57, 104.46), (490.2, 105.16), (489.45, 106.03), (493.97, 110.55), (495.54, 109.43), (496.09, 109.43), (496.49, 109.82), (496.72, 110.58), (496.8, 111.73)) 
4 ((503.2, 390.82), (496.8, 390.82), (495.57, 392.43), (494.03, 392.44), (491.88, 391.92), (489.11, 390.87), (485.73, 389.29), (482.87, 395.01), (482.44, 396.8), (482.44, 403.2), (488.79, 402.86), (493.98, 401.82), (498.01, 400.11), (500.89, 397.7), (502.62, 394.6), (503.2, 390.82)) 
5 ((296.8, 107.2), (303.2, 107.2), (303.64, 104.98), (304.2, 104.2), (304.98, 103.64), (305.98, 103.31), (307.2, 103.2), (307.2, 96.8), (292.8, 96.8), (292.8, 103.2), (295.02, 103.64), (295.8, 104.2), (296.36, 104.98), (296.69, 105.98), (296.8, 107.2)) 
6 ((307.2, 403.2), (307.2, 396.8), (304.98, 396.36), (304.2, 395.8), (303.64, 395.02), (303.31, 394.02), (303.2, 392.8), (296.8, 392.8), (296.36, 395.02), (295.8, 395.8), (295.02, 396.36), (294.02, 396.69), (292.8, 396.8), (292.8, 403.2), (307.2, 403.2)) 
7 ((296.8, 309.18), (303.2, 309.18), (303.6, 307.15), (304.09, 306.62), (304.79, 306.42), (305.68, 306.53), (306.78, 306.97), (309.64, 301.24), (307.67, 300.15), (306.06, 299.01), (304.81, 297.83), (303.92, 296.6), (303.38, 295.33), (303.2, 294.02), (296.8, 294.02), (296.08, 296.6), (295.19, 297.83), (293.94, 299.01), (292.33, 300.15), (290.36, 301.24), (293.22, 306.97), (295.21, 306.42), (295.91, 306.62), (296.4, 307.15), (296.7, 308.01), (296.8, 309.18)) 
8 ((201.33, 203.2), (201.33, 196.8), (196.8, 201.33), (198.14, 202.37), (198.87, 202.73), (199.64, 202.99), (200.46, 203.15), (201.33, 203.2)) 
9 ((296.8, 207.2), (303.2, 207.2), (303.64, 204.98), (304.2, 204.2), (304.98, 203.64), (305.98, 203.31), (307.2, 203.2), (307.2, 196.8), (304.98, 196.36), (304.2, 195.8), (303.64, 195.02), (303.31, 194.02), (303.2, 192.8), (296.8, 192.8), (296.36, 195.02), (295.8, 195.8), (295.02, 196.36), (294.02, 196.69), (292.8, 196.8), (292.8, 203.2), (295.02, 203.64), (295.8, 204.2), (296.36, 204.98), (296.69, 205.98), (296.8, 207.2)) 
10 ((403.2, 201.33), (398.67, 196.8), (398.67, 203.2), (400.36, 202.99), (401.13, 202.73), (401.86, 202.37), (402.55, 201.9), (403.2, 201.33)) 
