#RoadsPlacement
1 (103.39,201.13,200.19,297.93) 
2 (201.33,298.4,398.67,298.4) 
3 (197.93,300.19,101.13,203.39) 
4 (200.19,102.07,103.39,198.87) 
5 (398.67,101.6,201.33,101.6) 
6 (496.61,198.87,399.81,102.07) 
7 (399.81,297.93,496.61,201.13) 
8 (398.67,301.6,201.33,301.6) 
9 (101.13,196.61,197.93,99.81) 
10 (201.33,98.4,398.67,98.4) 
11 (402.07,99.81,498.87,196.61) 
12 (498.87,203.39,402.07,300.19) 
#Vertices
1 ((201.33, 303.2), (201.33, 296.8), (196.8, 301.33), (198.14, 302.37), (198.87, 302.73), (199.64, 302.99), (200.46, 303.15), (201.33, 303.2)) 
2 ((100.0, 204.53), (104.53, 200.0), (100.0, 195.47), (97.99, 198.49), (97.74, 200.0), (97.99, 201.51), (98.74, 203.02), (100.0, 204.53)) 
3 ((201.33, 103.2), (201.33, 96.8), (199.64, 97.01), (198.87, 97.27), (198.14, 97.63), (197.45, 98.1), (196.8, 98.67), (201.33, 103.2)) 
4 ((398.67, 103.2), (403.2, 98.67), (401.86, 97.63), (401.13, 97.27), (400.36, 97.01), (399.54, 96.85), (398.67, 96.8), (398.67, 103.2)) 
5 ((500.0, 195.47), (495.47, 200.0), (500.0, 204.53), (502.01, 201.51), (502.26, 200.0), (502.01, 198.49), (501.26, 196.98), (500.0, 195.47)) 
6 ((403.2, 301.33), (398.67, 296.8), (398.67, 303.2), (400.36, 302.99), (401.13, 302.73), (401.86, 302.37), (402.55, 301.9), (403.2, 301.33)) 
