#RoadsPlacement
1 (1.6,3.2,1.6,92.8) 
2 (3.2,1.6,92.8,1.6) 
3 (1.6,92.8,1.6,3.2) 
4 (1.6,107.2,1.6,192.8) 
5 (7.2,98.4,92.8,98.4) 
6 (1.6,192.8,1.6,107.2) 
7 (1.6,207.2,1.6,292.8) 
8 (7.2,198.4,92.8,198.4) 
9 (1.6,292.8,1.6,207.2) 
10 (1.6,307.2,1.6,392.8) 
11 (7.2,298.4,92.8,298.4) 
12 (1.6,392.8,1.6,307.2) 
13 (1.6,407.2,1.6,492.8) 
14 (7.2,398.4,92.8,398.4) 
15 (1.6,492.8,1.6,407.2) 
16 (1.6,507.2,1.6,592.8) 
17 (7.2,498.4,92.8,498.4) 
18 (1.6,592.8,1.6,507.2) 
19 (1.6,607.2,1.6,692.8) 
20 (7.2,598.4,92.8,598.4) 
21 (1.6,692.8,1.6,607.2) 
22 (1.6,707.2,1.6,792.8) 
23 (7.2,698.4,92.8,698.4) 
24 (1.6,792.8,1.6,707.2) 
25 (1.6,807.2,1.6,896.8) 
26 (7.2,798.4,92.8,798.4) 
27 (1.6,896.8,1.6,807.2) 
28 (3.2,898.4,92.8,898.4) 
29 (92.8,1.6,3.2,1.6) 
30 (101.6,7.2,101.6,92.8) 
31 (107.2,1.6,192.8,1.6) 
32 (92.8,101.6,7.2,101.6) 
33 (98.4,92.8,98.4,7.2) 
34 (101.6,107.2,101.6,192.8) 
35 (107.2,98.4,192.8,98.4) 
36 (92.8,201.6,7.2,201.6) 
37 (98.4,192.8,98.4,107.2) 
38 (101.6,207.2,101.6,292.8) 
39 (107.2,198.4,192.8,198.4) 
40 (92.8,301.6,7.2,301.6) 
41 (98.4,292.8,98.4,207.2) 
42 (101.6,307.2,101.6,392.8) 
43 (107.2,298.4,192.8,298.4) 
44 (92.8,401.6,7.2,401.6) 
45 (98.4,392.8,98.4,307.2) 
46 (101.6,407.2,101.6,492.8) 
47 (107.2,398.4,192.8,398.4) 
48 (92.8,501.6,7.2,501.6) 
49 (98.4,492.8,98.4,407.2) 
50 (101.6,507.2,101.6,592.8) 
51 (107.2,498.4,192.8,498.4) 
52 (92.8,601.6,7.2,601.6) 
53 (98.4,592.8,98.4,507.2) 
54 (101.6,607.2,101.6,692.8) 
55 (107.2,598.4,192.8,598.4) 
56 (92.8,701.6,7.2,701.6) 
57 (98.4,692.8,98.4,607.2) 
58 (101.6,707.2,101.6,792.8) 
59 (107.2,698.4,192.8,698.4) 
60 (92.8,801.6,7.2,801.6) 
61 (98.4,792.8,98.4,707.2) 
62 (101.6,807.2,101.6,892.8) 
63 (107.2,798.4,192.8,798.4) 
64 (92.8,901.6,3.2,901.6) 
65 (98.4,892.8,98.4,807.2) 
66 (107.2,898.4,192.8,898.4) 
67 (192.8,1.6,107.2,1.6) 
68 (201.6,7.2,201.6,92.8) 
69 (207.2,1.6,292.8,1.6) 
70 (192.8,101.6,107.2,101.6) 
71 (198.4,92.8,198.4,7.2) 
72 (201.6,107.2,201.6,192.8) 
73 (207.2,98.4,292.8,98.4) 
74 (192.8,201.6,107.2,201.6) 
75 (198.4,192.8,198.4,107.2) 
76 (201.6,207.2,201.6,292.8) 
77 (207.2,198.4,292.8,198.4) 
78 (192.8,301.6,107.2,301.6) 
79 (198.4,292.8,198.4,207.2) 
80 (201.6,307.2,201.6,392.8) 
81 (207.2,298.4,292.8,298.4) 
82 (192.8,401.6,107.2,401.6) 
83 (198.4,392.8,198.4,307.2) 
84 (201.6,407.2,201.6,492.8) 
85 (207.2,398.4,292.8,398.4) 
86 (192.8,501.6,107.2,501.6) 
87 (198.4,492.8,198.4,407.2) 
88 (201.6,507.2,201.6,592.8) 
89 (207.2,498.4,292.8,498.4) 
90 (192.8,601.6,107.2,601.6) 
91 (198.4,592.8,198.4,507.2) 
92 (201.6,607.2,201.6,692.8) 
93 (207.2,598.4,292.8,598.4) 
94 (192.8,701.6,107.2,701.6) 
95 (198.4,692.8,198.4,607.2) 
96 (201.6,707.2,201.6,792.8) 
97 (207.2,698.4,292.8,698.4) 
98 (192.8,801.6,107.2,801.6) 
99 (198.4,792.8,198.4,707.2) 
100 (201.6,807.2,201.6,892.8) 
101 (207.2,798.4,292.8,798.4) 
102 (192.8,901.6,107.2,901.6) 
103 (198.4,892.8,198.4,807.2) 
104 (207.2,898.4,292.8,898.4) 
105 (292.8,1.6,207.2,1.6) 
106 (301.6,7.2,301.6,92.8) 
107 (307.2,1.6,392.8,1.6) 
108 (292.8,101.6,207.2,101.6) 
109 (298.4,92.8,298.4,7.2) 
110 (301.6,107.2,301.6,192.8) 
111 (307.2,98.4,392.8,98.4) 
112 (292.8,201.6,207.2,201.6) 
113 (298.4,192.8,298.4,107.2) 
114 (301.6,207.2,301.6,292.8) 
115 (307.2,198.4,392.8,198.4) 
116 (292.8,301.6,207.2,301.6) 
117 (298.4,292.8,298.4,207.2) 
118 (301.6,307.2,301.6,392.8) 
119 (307.2,298.4,392.8,298.4) 
120 (292.8,401.6,207.2,401.6) 
121 (298.4,392.8,298.4,307.2) 
122 (301.6,407.2,301.6,492.8) 
123 (307.2,398.4,392.8,398.4) 
124 (292.8,501.6,207.2,501.6) 
125 (298.4,492.8,298.4,407.2) 
126 (301.6,507.2,301.6,592.8) 
127 (307.2,498.4,392.8,498.4) 
128 (292.8,601.6,207.2,601.6) 
129 (298.4,592.8,298.4,507.2) 
130 (301.6,607.2,301.6,692.8) 
131 (307.2,598.4,392.8,598.4) 
132 (292.8,701.6,207.2,701.6) 
133 (298.4,692.8,298.4,607.2) 
134 (301.6,707.2,301.6,792.8) 
135 (307.2,698.4,392.8,698.4) 
136 (292.8,801.6,207.2,801.6) 
137 (298.4,792.8,298.4,707.2) 
138 (301.6,807.2,301.6,892.8) 
139 (307.2,798.4,392.8,798.4) 
140 (292.8,901.6,207.2,901.6) 
141 (298.4,892.8,298.4,807.2) 
142 (307.2,898.4,392.8,898.4) 
143 (392.8,1.6,307.2,1.6) 
144 (401.6,7.2,401.6,92.8) 
145 (407.2,1.6,492.8,1.6) 
146 (392.8,101.6,307.2,101.6) 
147 (398.4,92.8,398.4,7.2) 
148 (401.6,107.2,401.6,192.8) 
149 (407.2,98.4,492.8,98.4) 
150 (392.8,201.6,307.2,201.6) 
151 (398.4,192.8,398.4,107.2) 
152 (401.6,207.2,401.6,292.8) 
153 (407.2,198.4,492.8,198.4) 
154 (392.8,301.6,307.2,301.6) 
155 (398.4,292.8,398.4,207.2) 
156 (401.6,307.2,401.6,392.8) 
157 (407.2,298.4,492.8,298.4) 
158 (392.8,401.6,307.2,401.6) 
159 (398.4,392.8,398.4,307.2) 
160 (401.6,407.2,401.6,492.8) 
161 (407.2,398.4,492.8,398.4) 
162 (392.8,501.6,307.2,501.6) 
163 (398.4,492.8,398.4,407.2) 
164 (401.6,507.2,401.6,592.8) 
165 (407.2,498.4,492.8,498.4) 
166 (392.8,601.6,307.2,601.6) 
167 (398.4,592.8,398.4,507.2) 
168 (401.6,607.2,401.6,692.8) 
169 (407.2,598.4,492.8,598.4) 
170 (392.8,701.6,307.2,701.6) 
171 (398.4,692.8,398.4,607.2) 
172 (401.6,707.2,401.6,792.8) 
173 (407.2,698.4,492.8,698.4) 
174 (392.8,801.6,307.2,801.6) 
175 (398.4,792.8,398.4,707.2) 
176 (401.6,807.2,401.6,892.8) 
177 (407.2,798.4,492.8,798.4) 
178 (392.8,901.6,307.2,901.6) 
179 (398.4,892.8,398.4,807.2) 
180 (407.2,898.4,492.8,898.4) 
181 (492.8,1.6,407.2,1.6) 
182 (501.6,7.2,501.6,92.8) 
183 (507.2,1.6,592.8,1.6) 
184 (492.8,101.6,407.2,101.6) 
185 (498.4,92.8,498.4,7.2) 
186 (501.6,107.2,501.6,192.8) 
187 (507.2,98.4,592.8,98.4) 
188 (492.8,201.6,407.2,201.6) 
189 (498.4,192.8,498.4,107.2) 
190 (501.6,207.2,501.6,292.8) 
191 (507.2,198.4,592.8,198.4) 
192 (492.8,301.6,407.2,301.6) 
193 (498.4,292.8,498.4,207.2) 
194 (501.6,307.2,501.6,392.8) 
195 (507.2,298.4,592.8,298.4) 
196 (492.8,401.6,407.2,401.6) 
197 (498.4,392.8,498.4,307.2) 
198 (501.6,407.2,501.6,492.8) 
199 (507.2,398.4,592.8,398.4) 
200 (492.8,501.6,407.2,501.6) 
201 (498.4,492.8,498.4,407.2) 
202 (501.6,507.2,501.6,592.8) 
203 (507.2,498.4,592.8,498.4) 
204 (492.8,601.6,407.2,601.6) 
205 (498.4,592.8,498.4,507.2) 
206 (501.6,607.2,501.6,692.8) 
207 (507.2,598.4,592.8,598.4) 
208 (492.8,701.6,407.2,701.6) 
209 (498.4,692.8,498.4,607.2) 
210 (501.6,707.2,501.6,792.8) 
211 (507.2,698.4,592.8,698.4) 
212 (492.8,801.6,407.2,801.6) 
213 (498.4,792.8,498.4,707.2) 
214 (501.6,807.2,501.6,892.8) 
215 (507.2,798.4,592.8,798.4) 
216 (492.8,901.6,407.2,901.6) 
217 (498.4,892.8,498.4,807.2) 
218 (507.2,898.4,592.8,898.4) 
219 (592.8,1.6,507.2,1.6) 
220 (601.6,7.2,601.6,92.8) 
221 (607.2,1.6,692.8,1.6) 
222 (592.8,101.6,507.2,101.6) 
223 (598.4,92.8,598.4,7.2) 
224 (601.6,107.2,601.6,192.8) 
225 (607.2,98.4,692.8,98.4) 
226 (592.8,201.6,507.2,201.6) 
227 (598.4,192.8,598.4,107.2) 
228 (601.6,207.2,601.6,292.8) 
229 (607.2,198.4,692.8,198.4) 
230 (592.8,301.6,507.2,301.6) 
231 (598.4,292.8,598.4,207.2) 
232 (601.6,307.2,601.6,392.8) 
233 (607.2,298.4,692.8,298.4) 
234 (592.8,401.6,507.2,401.6) 
235 (598.4,392.8,598.4,307.2) 
236 (601.6,407.2,601.6,492.8) 
237 (607.2,398.4,692.8,398.4) 
238 (592.8,501.6,507.2,501.6) 
239 (598.4,492.8,598.4,407.2) 
240 (601.6,507.2,601.6,592.8) 
241 (607.2,498.4,692.8,498.4) 
242 (592.8,601.6,507.2,601.6) 
243 (598.4,592.8,598.4,507.2) 
244 (601.6,607.2,601.6,692.8) 
245 (607.2,598.4,692.8,598.4) 
246 (592.8,701.6,507.2,701.6) 
247 (598.4,692.8,598.4,607.2) 
248 (601.6,707.2,601.6,792.8) 
249 (607.2,698.4,692.8,698.4) 
250 (592.8,801.6,507.2,801.6) 
251 (598.4,792.8,598.4,707.2) 
252 (601.6,807.2,601.6,892.8) 
253 (607.2,798.4,692.8,798.4) 
254 (592.8,901.6,507.2,901.6) 
255 (598.4,892.8,598.4,807.2) 
256 (607.2,898.4,692.8,898.4) 
257 (692.8,1.6,607.2,1.6) 
258 (701.6,7.2,701.6,92.8) 
259 (707.2,1.6,792.8,1.6) 
260 (692.8,101.6,607.2,101.6) 
261 (698.4,92.8,698.4,7.2) 
262 (701.6,107.2,701.6,192.8) 
263 (707.2,98.4,792.8,98.4) 
264 (692.8,201.6,607.2,201.6) 
265 (698.4,192.8,698.4,107.2) 
266 (701.6,207.2,701.6,292.8) 
267 (707.2,198.4,792.8,198.4) 
268 (692.8,301.6,607.2,301.6) 
269 (698.4,292.8,698.4,207.2) 
270 (701.6,307.2,701.6,392.8) 
271 (707.2,298.4,792.8,298.4) 
272 (692.8,401.6,607.2,401.6) 
273 (698.4,392.8,698.4,307.2) 
274 (701.6,407.2,701.6,492.8) 
275 (707.2,398.4,792.8,398.4) 
276 (692.8,501.6,607.2,501.6) 
277 (698.4,492.8,698.4,407.2) 
278 (701.6,507.2,701.6,592.8) 
279 (707.2,498.4,792.8,498.4) 
280 (692.8,601.6,607.2,601.6) 
281 (698.4,592.8,698.4,507.2) 
282 (701.6,607.2,701.6,692.8) 
283 (707.2,598.4,792.8,598.4) 
284 (692.8,701.6,607.2,701.6) 
285 (698.4,692.8,698.4,607.2) 
286 (701.6,707.2,701.6,792.8) 
287 (707.2,698.4,792.8,698.4) 
288 (692.8,801.6,607.2,801.6) 
289 (698.4,792.8,698.4,707.2) 
290 (701.6,807.2,701.6,892.8) 
291 (707.2,798.4,792.8,798.4) 
292 (692.8,901.6,607.2,901.6) 
293 (698.4,892.8,698.4,807.2) 
294 (707.2,898.4,792.8,898.4) 
295 (792.8,1.6,707.2,1.6) 
296 (801.6,7.2,801.6,92.8) 
297 (807.2,1.6,896.8,1.6) 
298 (792.8,101.6,707.2,101.6) 
299 (798.4,92.8,798.4,7.2) 
300 (801.6,107.2,801.6,192.8) 
301 (807.2,98.4,892.8,98.4) 
302 (792.8,201.6,707.2,201.6) 
303 (798.4,192.8,798.4,107.2) 
304 (801.6,207.2,801.6,292.8) 
305 (807.2,198.4,892.8,198.4) 
306 (792.8,301.6,707.2,301.6) 
307 (798.4,292.8,798.4,207.2) 
308 (801.6,307.2,801.6,392.8) 
309 (807.2,298.4,892.8,298.4) 
310 (792.8,401.6,707.2,401.6) 
311 (798.4,392.8,798.4,307.2) 
312 (801.6,407.2,801.6,492.8) 
313 (807.2,398.4,892.8,398.4) 
314 (792.8,501.6,707.2,501.6) 
315 (798.4,492.8,798.4,407.2) 
316 (801.6,507.2,801.6,592.8) 
317 (807.2,498.4,892.8,498.4) 
318 (792.8,601.6,707.2,601.6) 
319 (798.4,592.8,798.4,507.2) 
320 (801.6,607.2,801.6,692.8) 
321 (807.2,598.4,892.8,598.4) 
322 (792.8,701.6,707.2,701.6) 
323 (798.4,692.8,798.4,607.2) 
324 (801.6,707.2,801.6,792.8) 
325 (807.2,698.4,892.8,698.4) 
326 (792.8,801.6,707.2,801.6) 
327 (798.4,792.8,798.4,707.2) 
328 (801.6,807.2,801.6,892.8) 
329 (807.2,798.4,892.8,798.4) 
330 (792.8,901.6,707.2,901.6) 
331 (798.4,892.8,798.4,807.2) 
332 (807.2,898.4,896.8,898.4) 
333 (896.8,1.6,807.2,1.6) 
334 (901.6,3.2,901.6,92.8) 
335 (892.8,101.6,807.2,101.6) 
336 (898.4,92.8,898.4,3.2) 
337 (901.6,107.2,901.6,192.8) 
338 (892.8,201.6,807.2,201.6) 
339 (898.4,192.8,898.4,107.2) 
340 (901.6,207.2,901.6,292.8) 
341 (892.8,301.6,807.2,301.6) 
342 (898.4,292.8,898.4,207.2) 
343 (901.6,307.2,901.6,392.8) 
344 (892.8,401.6,807.2,401.6) 
345 (898.4,392.8,898.4,307.2) 
346 (901.6,407.2,901.6,492.8) 
347 (892.8,501.6,807.2,501.6) 
348 (898.4,492.8,898.4,407.2) 
349 (901.6,507.2,901.6,592.8) 
350 (892.8,601.6,807.2,601.6) 
351 (898.4,592.8,898.4,507.2) 
352 (901.6,607.2,901.6,692.8) 
353 (892.8,701.6,807.2,701.6) 
354 (898.4,692.8,898.4,607.2) 
355 (901.6,707.2,901.6,792.8) 
356 (892.8,801.6,807.2,801.6) 
357 (898.4,792.8,898.4,707.2) 
358 (901.6,807.2,901.6,896.8) 
359 (896.8,901.6,807.2,901.6) 
360 (898.4,896.8,898.4,807.2) 
#Vertices
1 ((-3.2, 3.2), (3.2, 3.2), (3.2, -3.2), (-0.36, -2.49), (-1.6, -1.6), (-2.49, -0.36), (-3.02, 1.24), (-3.2, 3.2)) 
2 ((-3.2, 107.2), (3.2, 107.2), (3.64, 104.98), (4.2, 104.2), (4.98, 103.64), (5.98, 103.31), (7.2, 103.2), (7.2, 96.8), (4.98, 96.36), (4.2, 95.8), (3.64, 95.02), (3.31, 94.02), (3.2, 92.8), (-3.2, 92.8), (-3.2, 107.2)) 
3 ((-3.2, 207.2), (3.2, 207.2), (3.64, 204.98), (4.2, 204.2), (4.98, 203.64), (5.98, 203.31), (7.2, 203.2), (7.2, 196.8), (4.98, 196.36), (4.2, 195.8), (3.64, 195.02), (3.31, 194.02), (3.2, 192.8), (-3.2, 192.8), (-3.2, 207.2)) 
4 ((-3.2, 307.2), (3.2, 307.2), (3.64, 304.98), (4.2, 304.2), (4.98, 303.64), (5.98, 303.31), (7.2, 303.2), (7.2, 296.8), (4.98, 296.36), (4.2, 295.8), (3.64, 295.02), (3.31, 294.02), (3.2, 292.8), (-3.2, 292.8), (-3.2, 307.2)) 
5 ((-3.2, 407.2), (3.2, 407.2), (3.64, 404.98), (4.2, 404.2), (4.98, 403.64), (5.98, 403.31), (7.2, 403.2), (7.2, 396.8), (4.98, 396.36), (4.2, 395.8), (3.64, 395.02), (3.31, 394.02), (3.2, 392.8), (-3.2, 392.8), (-3.2, 407.2)) 
6 ((-3.2, 507.2), (3.2, 507.2), (3.64, 504.98), (4.2, 504.2), (4.98, 503.64), (5.98, 503.31), (7.2, 503.2), (7.2, 496.8), (4.98, 496.36), (4.2, 495.8), (3.64, 495.02), (3.31, 494.02), (3.2, 492.8), (-3.2, 492.8), (-3.2, 507.2)) 
7 ((-3.2, 607.2), (3.2, 607.2), (3.64, 604.98), (4.2, 604.2), (4.98, 603.64), (5.98, 603.31), (7.2, 603.2), (7.2, 596.8), (4.98, 596.36), (4.2, 595.8), (3.64, 595.02), (3.31, 594.02), (3.2, 592.8), (-3.2, 592.8), (-3.2, 607.2)) 
8 ((-3.2, 707.2), (3.2, 707.2), (3.64, 704.98), (4.2, 704.2), (4.98, 703.64), (5.98, 703.31), (7.2, 703.2), (7.2, 696.8), (4.98, 696.36), (4.2, 695.8), (3.64, 695.02), (3.31, 694.02), (3.2, 692.8), (-3.2, 692.8), (-3.2, 707.2)) 
9 ((-3.2, 807.2), (3.2, 807.2), (3.64, 804.98), (4.2, 804.2), (4.98, 803.64), (5.98, 803.31), (7.2, 803.2), (7.2, 796.8), (4.98, 796.36), (4.2, 795.8), (3.64, 795.02), (3.31, 794.02), (3.2, 792.8), (-3.2, 792.8), (-3.2, 807.2)) 
10 ((3.2, 903.2), (3.2, 896.8), (-3.2, 896.8), (-2.49, 900.36), (-1.6, 901.6), (-0.36, 902.49), (1.24, 903.02), (3.2, 903.2)) 
11 ((96.8, 7.2), (103.2, 7.2), (103.64, 4.98), (104.2, 4.2), (104.98, 3.64), (105.98, 3.31), (107.2, 3.2), (107.2, -3.2), (92.8, -3.2), (92.8, 3.2), (95.02, 3.64), (95.8, 4.2), (96.36, 4.98), (96.69, 5.98), (96.8, 7.2)) 
12 ((96.8, 107.2), (103.2, 107.2), (103.64, 104.98), (104.2, 104.2), (104.98, 103.64), (105.98, 103.31), (107.2, 103.2), (107.2, 96.8), (104.98, 96.36), (104.2, 95.8), (103.64, 95.02), (103.31, 94.02), (103.2, 92.8), (96.8, 92.8), (96.36, 95.02), (95.8, 95.8), (95.02, 96.36), (94.02, 96.69), (92.8, 96.8), (92.8, 103.2), (95.02, 103.64), (95.8, 104.2), (96.36, 104.98), (96.69, 105.98), (96.8, 107.2)) 
13 ((96.8, 207.2), (103.2, 207.2), (103.64, 204.98), (104.2, 204.2), (104.98, 203.64), (105.98, 203.31), (107.2, 203.2), (107.2, 196.8), (104.98, 196.36), (104.2, 195.8), (103.64, 195.02), (103.31, 194.02), (103.2, 192.8), (96.8, 192.8), (96.36, 195.02), (95.8, 195.8), (95.02, 196.36), (94.02, 196.69), (92.8, 196.8), (92.8, 203.2), (95.02, 203.64), (95.8, 204.2), (96.36, 204.98), (96.69, 205.98), (96.8, 207.2)) 
14 ((96.8, 307.2), (103.2, 307.2), (103.64, 304.98), (104.2, 304.2), (104.98, 303.64), (105.98, 303.31), (107.2, 303.2), (107.2, 296.8), (104.98, 296.36), (104.2, 295.8), (103.64, 295.02), (103.31, 294.02), (103.2, 292.8), (96.8, 292.8), (96.36, 295.02), (95.8, 295.8), (95.02, 296.36), (94.02, 296.69), (92.8, 296.8), (92.8, 303.2), (95.02, 303.64), (95.8, 304.2), (96.36, 304.98), (96.69, 305.98), (96.8, 307.2)) 
15 ((96.8, 407.2), (103.2, 407.2), (103.64, 404.98), (104.2, 404.2), (104.98, 403.64), (105.98, 403.31), (107.2, 403.2), (107.2, 396.8), (104.98, 396.36), (104.2, 395.8), (103.64, 395.02), (103.31, 394.02), (103.2, 392.8), (96.8, 392.8), (96.36, 395.02), (95.8, 395.8), (95.02, 396.36), (94.02, 396.69), (92.8, 396.8), (92.8, 403.2), (95.02, 403.64), (95.8, 404.2), (96.36, 404.98), (96.69, 405.98), (96.8, 407.2)) 
16 ((96.8, 507.2), (103.2, 507.2), (103.64, 504.98), (104.2, 504.2), (104.98, 503.64), (105.98, 503.31), (107.2, 503.2), (107.2, 496.8), (104.98, 496.36), (104.2, 495.8), (103.64, 495.02), (103.31, 494.02), (103.2, 492.8), (96.8, 492.8), (96.36, 495.02), (95.8, 495.8), (95.02, 496.36), (94.02, 496.69), (92.8, 496.8), (92.8, 503.2), (95.02, 503.64), (95.8, 504.2), (96.36, 504.98), (96.69, 505.98), (96.8, 507.2)) 
17 ((96.8, 607.2), (103.2, 607.2), (103.64, 604.98), (104.2, 604.2), (104.98, 603.64), (105.98, 603.31), (107.2, 603.2), (107.2, 596.8), (104.98, 596.36), (104.2, 595.8), (103.64, 595.02), (103.31, 594.02), (103.2, 592.8), (96.8, 592.8), (96.36, 595.02), (95.8, 595.8), (95.02, 596.36), (94.02, 596.69), (92.8, 596.8), (92.8, 603.2), (95.02, 603.64), (95.8, 604.2), (96.36, 604.98), (96.69, 605.98), (96.8, 607.2)) 
18 ((96.8, 707.2), (103.2, 707.2), (103.64, 704.98), (104.2, 704.2), (104.98, 703.64), (105.98, 703.31), (107.2, 703.2), (107.2, 696.8), (104.98, 696.36), (104.2, 695.8), (103.64, 695.02), (103.31, 694.02), (103.2, 692.8), (96.8, 692.8), (96.36, 695.02), (95.8, 695.8), (95.02, 696.36), (94.02, 696.69), (92.8, 696.8), (92.8, 703.2), (95.02, 703.64), (95.8, 704.2), (96.36, 704.98), (96.69, 705.98), (96.8, 707.2)) 
19 ((96.8, 807.2), (103.2, 807.2), (103.64, 804.98), (104.2, 804.2), (104.98, 803.64), (105.98, 803.31), (107.2, 803.2), (107.2, 796.8), (104.98, 796.36), (104.2, 795.8), (103.64, 795.02), (103.31, 794.02), (103.2, 792.8), (96.8, 792.8), (96.36, 795.02), (95.8, 795.8), (95.02, 796.36), (94.02, 796.69), (92.8, 796.8), (92.8, 803.2), (95.02, 803.64), (95.8, 804.2), (96.36, 804.98), (96.69, 805.98), (96.8, 807.2)) 
20 ((107.2, 903.2), (107.2, 896.8), (104.98, 896.36), (104.2, 895.8), (103.64, 895.02), (103.31, 894.02), (103.2, 892.8), (96.8, 892.8), (96.36, 895.02), (95.8, 895.8), (95.02, 896.36), (94.02, 896.69), (92.8, 896.8), (92.8, 903.2), (107.2, 903.2)) 
21 ((196.8, 7.2), (203.2, 7.2), (203.64, 4.98), (204.2, 4.2), (204.98, 3.64), (205.98, 3.31), (207.2, 3.2), (207.2, -3.2), (192.8, -3.2), (192.8, 3.2), (195.02, 3.64), (195.8, 4.2), (196.36, 4.98), (196.69, 5.98), (196.8, 7.2)) 
22 ((196.8, 107.2), (203.2, 107.2), (203.64, 104.98), (204.2, 104.2), (204.98, 103.64), (205.98, 103.31), (207.2, 103.2), (207.2, 96.8), (204.98, 96.36), (204.2, 95.8), (203.64, 95.02), (203.31, 94.02), (203.2, 92.8), (196.8, 92.8), (196.36, 95.02), (195.8, 95.8), (195.02, 96.36), (194.02, 96.69), (192.8, 96.8), (192.8, 103.2), (195.02, 103.64), (195.8, 104.2), (196.36, 104.98), (196.69, 105.98), (196.8, 107.2)) 
23 ((196.8, 207.2), (203.2, 207.2), (203.64, 204.98), (204.2, 204.2), (204.98, 203.64), (205.98, 203.31), (207.2, 203.2), (207.2, 196.8), (204.98, 196.36), (204.2, 195.8), (203.64, 195.02), (203.31, 194.02), (203.2, 192.8), (196.8, 192.8), (196.36, 195.02), (195.8, 195.8), (195.02, 196.36), (194.02, 196.69), (192.8, 196.8), (192.8, 203.2), (195.02, 203.64), (195.8, 204.2), (196.36, 204.98), (196.69, 205.98), (196.8, 207.2)) 
24 ((196.8, 307.2), (203.2, 307.2), (203.64, 304.98), (204.2, 304.2), (204.98, 303.64), (205.98, 303.31), (207.2, 303.2), (207.2, 296.8), (204.98, 296.36), (204.2, 295.8), (203.64, 295.02), (203.31, 294.02), (203.2, 292.8), (196.8, 292.8), (196.36, 295.02), (195.8, 295.8), (195.02, 296.36), (194.02, 296.69), (192.8, 296.8), (192.8, 303.2), (195.02, 303.64), (195.8, 304.2), (196.36, 304.98), (196.69, 305.98), (196.8, 307.2)) 
25 ((196.8, 407.2), (203.2, 407.2), (203.64, 404.98), (204.2, 404.2), (204.98, 403.64), (205.98, 403.31), (207.2, 403.2), (207.2, 396.8), (204.98, 396.36), (204.2, 395.8), (203.64, 395.02), (203.31, 394.02), (203.2, 392.8), (196.8, 392.8), (196.36, 395.02), (195.8, 395.8), (195.02, 396.36), (194.02, 396.69), (192.8, 396.8), (192.8, 403.2), (195.02, 403.64), (195.8, 404.2), (196.36, 404.98), (196.69, 405.98), (196.8, 407.2)) 
26 ((196.8, 507.2), (203.2, 507.2), (203.64, 504.98), (204.2, 504.2), (204.98, 503.64), (205.98, 503.31), (207.2, 503.2), (207.2, 496.8), (204.98, 496.36), (204.2, 495.8), (203.64, 495.02), (203.31, 494.02), (203.2, 492.8), (196.8, 492.8), (196.36, 495.02), (195.8, 495.8), (195.02, 496.36), (194.02, 496.69), (192.8, 496.8), (192.8, 503.2), (195.02, 503.64), (195.8, 504.2), (196.36, 504.98), (196.69, 505.98), (196.8, 507.2)) 
27 ((196.8, 607.2), (203.2, 607.2), (203.64, 604.98), (204.2, 604.2), (204.98, 603.64), (205.98, 603.31), (207.2, 603.2), (207.2, 596.8), (204.98, 596.36), (204.2, 595.8), (203.64, 595.02), (203.31, 594.02), (203.2, 592.8), (196.8, 592.8), (196.36, 595.02), (195.8, 595.8), (195.02, 596.36), (194.02, 596.69), (192.8, 596.8), (192.8, 603.2), (195.02, 603.64), (195.8, 604.2), (196.36, 604.98), (196.69, 605.98), (196.8, 607.2)) 
28 ((196.8, 707.2), (203.2, 707.2), (203.64, 704.98), (204.2, 704.2), (204.98, 703.64), (205.98, 703.31), (207.2, 703.2), (207.2, 696.8), (204.98, 696.36), (204.2, 695.8), (203.64, 695.02), (203.31, 694.02), (203.2, 692.8), (196.8, 692.8), (196.36, 695.02), (195.8, 695.8), (195.02, 696.36), (194.02, 696.69), (192.8, 696.8), (192.8, 703.2), (195.02, 703.64), (195.8, 704.2), (196.36, 704.98), (196.69, 705.98), (196.8, 707.2)) 
29 ((196.8, 807.2), (203.2, 807.2), (203.64, 804.98), (204.2, 804.2), (204.98, 803.64), (205.98, 803.31), (207.2, 803.2), (207.2, 796.8), (204.98, 796.36), (204.2, 795.8), (203.64, 795.02), (203.31, 794.02), (203.2, 792.8), (196.8, 792.8), (196.36, 795.02), (195.8, 795.8), (195.02, 796.36), (194.02, 796.69), (192.8, 796.8), (192.8, 803.2), (195.02, 803.64), (195.8, 804.2), (196.36, 804.98), (196.69, 805.98), (196.8, 807.2)) 
30 ((207.2, 903.2), (207.2, 896.8), (204.98, 896.36), (204.2, 895.8), (203.64, 895.02), (203.31, 894.02), (203.2, 892.8), (196.8, 892.8), (196.36, 895.02), (195.8, 895.8), (195.02, 896.36), (194.02, 896.69), (192.8, 896.8), (192.8, 903.2), (207.2, 903.2)) 
31 ((296.8, 7.2), (303.2, 7.2), (303.64, 4.98), (304.2, 4.2), (304.98, 3.64), (305.98, 3.31), (307.2, 3.2), (307.2, -3.2), (292.8, -3.2), (292.8, 3.2), (295.02, 3.64), (295.8, 4.2), (296.36, 4.98), (296.69, 5.98), (296.8, 7.2)) 
32 ((296.8, 107.2), (303.2, 107.2), (303.64, 104.98), (304.2, 104.2), (304.98, 103.64), (305.98, 103.31), (307.2, 103.2), (307.2, 96.8), (304.98, 96.36), (304.2, 95.8), (303.64, 95.02), (303.31, 94.02), (303.2, 92.8), (296.8, 92.8), (296.36, 95.02), (295.8, 95.8), (295.02, 96.36), (294.02, 96.69), (292.8, 96.8), (292.8, 103.2), (295.02, 103.64), (295.8, 104.2), (296.36, 104.98), (296.69, 105.98), (296.8, 107.2)) 
33 ((296.8, 207.2), (303.2, 207.2), (303.64, 204.98), (304.2, 204.2), (304.98, 203.64), (305.98, 203.31), (307.2, 203.2), (307.2, 196.8), (304.98, 196.36), (304.2, 195.8), (303.64, 195.02), (303.31, 194.02), (303.2, 192.8), (296.8, 192.8), (296.36, 195.02), (295.8, 195.8), (295.02, 196.36), (294.02, 196.69), (292.8, 196.8), (292.8, 203.2), (295.02, 203.64), (295.8, 204.2), (296.36, 204.98), (296.69, 205.98), (296.8, 207.2)) 
34 ((296.8, 307.2), (303.2, 307.2), (303.64, 304.98), (304.2, 304.2), (304.98, 303.64), (305.98, 303.31), (307.2, 303.2), (307.2, 296.8), (304.98, 296.36), (304.2, 295.8), (303.64, 295.02), (303.31, 294.02), (303.2, 292.8), (296.8, 292.8), (296.36, 295.02), (295.8, 295.8), (295.02, 296.36), (294.02, 296.69), (292.8, 296.8), (292.8, 303.2), (295.02, 303.64), (295.8, 304.2), (296.36, 304.98), (296.69, 305.98), (296.8, 307.2)) 
35 ((296.8, 407.2), (303.2, 407.2), (303.64, 404.98), (304.2, 404.2), (304.98, 403.64), (305.98, 403.31), (307.2, 403.2), (307.2, 396.8), (304.98, 396.36), (304.2, 395.8), (303.64, 395.02), (303.31, 394.02), (303.2, 392.8), (296.8, 392.8), (296.36, 395.02), (295.8, 395.8), (295.02, 396.36), (294.02, 396.69), (292.8, 396.8), (292.8, 403.2), (295.02, 403.64), (295.8, 404.2), (296.36, 404.98), (296.69, 405.98), (296.8, 407.2)) 
36 ((296.8, 507.2), (303.2, 507.2), (303.64, 504.98), (304.2, 504.2), (304.98, 503.64), (305.98, 503.31), (307.2, 503.2), (307.2, 496.8), (304.98, 496.36), (304.2, 495.8), (303.64, 495.02), (303.31, 494.02), (303.2, 492.8), (296.8, 492.8), (296.36, 495.02), (295.8, 495.8), (295.02, 496.36), (294.02, 496.69), (292.8, 496.8), (292.8, 503.2), (295.02, 503.64), (295.8, 504.2), (296.36, 504.98), (296.69, 505.98), (296.8, 507.2)) 
37 ((296.8, 607.2), (303.2, 607.2), (303.64, 604.98), (304.2, 604.2), (304.98, 603.64), (305.98, 603.31), (307.2, 603.2), (307.2, 596.8), (304.98, 596.36), (304.2, 595.8), (303.64, 595.02), (303.31, 594.02), (303.2, 592.8), (296.8, 592.8), (296.36, 595.02), (295.8, 595.8), (295.02, 596.36), (294.02, 596.69), (292.8, 596.8), (292.8, 603.2), (295.02, 603.64), (295.8, 604.2), (296.36, 604.98), (296.69, 605.98), (296.8, 607.2)) 
38 ((296.8, 707.2), (303.2, 707.2), (303.64, 704.98), (304.2, 704.2), (304.98, 703.64), (305.98, 703.31), (307.2, 703.2), (307.2, 696.8), (304.98, 696.36), (304.2, 695.8), (303.64, 695.02), (303.31, 694.02), (303.2, 692.8), (296.8, 692.8), (296.36, 695.02), (295.8, 695.8), (295.02, 696.36), (294.02, 696.69), (292.8, 696.8), (292.8, 703.2), (295.02, 703.64), (295.8, 704.2), (296.36, 704.98), (296.69, 705.98), (296.8, 707.2)) 
39 ((296.8, 807.2), (303.2, 807.2), (303.64, 804.98), (304.2, 804.2), (304.98, 803.64), (305.98, 803.31), (307.2, 803.2), (307.2, 796.8), (304.98, 796.36), (304.2, 795.8), (303.64, 795.02), (303.31, 794.02), (303.2, 792.8), (296.8, 792.8), (296.36, 795.02), (295.8, 795.8), (295.02, 796.36), (294.02, 796.69), (292.8, 796.8), (292.8, 803.2), (295.02, 803.64), (295.8, 804.2), (296.36, 804.98), (296.69, 805.98), (296.8, 807.2)) 
40 ((307.2, 903.2), (307.2, 896.8), (304.98, 896.36), (304.2, 895.8), (303.64, 895.02), (303.31, 894.02), (303.2, 892.8), (296.8, 892.8), (296.36, 895.02), (295.8, 895.8), (295.02, 896.36), (294.02, 896.69), (292.8, 896.8), (292.8, 903.2), (307.2, 903.2)) 
41 ((396.8, 7.2), (403.2, 7.2), (403.64, 4.98), (404.2, 4.2), (404.98, 3.64), (405.98, 3.31), (407.2, 3.2), (407.2, -3.2), (392.8, -3.2), (392.8, 3.2), (395.02, 3.64), (395.8, 4.2), (396.36, 4.98), (396.69, 5.98), (396.8, 7.2)) 
42 ((396.8, 107.2), (403.2, 107.2), (403.64, 104.98), (404.2, 104.2), (404.98, 103.64), (405.98, 103.31), (407.2, 103.2), (407.2, 96.8), (404.98, 96.36), (404.2, 95.8), (403.64, 95.02), (403.31, 94.02), (403.2, 92.8), (396.8, 92.8), (396.36, 95.02), (395.8, 95.8), (395.02, 96.36), (394.02, 96.69), (392.8, 96.8), (392.8, 103.2), (395.02, 103.64), (395.8, 104.2), (396.36, 104.98), (396.69, 105.98), (396.8, 107.2)) 
43 ((396.8, 207.2), (403.2, 207.2), (403.64, 204.98), (404.2, 204.2), (404.98, 203.64), (405.98, 203.31), (407.2, 203.2), (407.2, 196.8), (404.98, 196.36), (404.2, 195.8), (403.64, 195.02), (403.31, 194.02), (403.2, 192.8), (396.8, 192.8), (396.36, 195.02), (395.8, 195.8), (395.02, 196.36), (394.02, 196.69), (392.8, 196.8), (392.8, 203.2), (395.02, 203.64), (395.8, 204.2), (396.36, 204.98), (396.69, 205.98), (396.8, 207.2)) 
44 ((396.8, 307.2), (403.2, 307.2), (403.64, 304.98), (404.2, 304.2), (404.98, 303.64), (405.98, 303.31), (407.2, 303.2), (407.2, 296.8), (404.98, 296.36), (404.2, 295.8), (403.64, 295.02), (403.31, 294.02), (403.2, 292.8), (396.8, 292.8), (396.36, 295.02), (395.8, 295.8), (395.02, 296.36), (394.02, 296.69), (392.8, 296.8), (392.8, 303.2), (395.02, 303.64), (395.8, 304.2), (396.36, 304.98), (396.69, 305.98), (396.8, 307.2)) 
45 ((396.8, 407.2), (403.2, 407.2), (403.64, 404.98), (404.2, 404.2), (404.98, 403.64), (405.98, 403.31), (407.2, 403.2), (407.2, 396.8), (404.98, 396.36), (404.2, 395.8), (403.64, 395.02), (403.31, 394.02), (403.2, 392.8), (396.8, 392.8), (396.36, 395.02), (395.8, 395.8), (395.02, 396.36), (394.02, 396.69), (392.8, 396.8), (392.8, 403.2), (395.02, 403.64), (395.8, 404.2), (396.36, 404.98), (396.69, 405.98), (396.8, 407.2)) 
46 ((396.8, 507.2), (403.2, 507.2), (403.64, 504.98), (404.2, 504.2), (404.98, 503.64), (405.98, 503.31), (407.2, 503.2), (407.2, 496.8), (404.98, 496.36), (404.2, 495.8), (403.64, 495.02), (403.31, 494.02), (403.2, 492.8), (396.8, 492.8), (396.36, 495.02), (395.8, 495.8), (395.02, 496.36), (394.02, 496.69), (392.8, 496.8), (392.8, 503.2), (395.02, 503.64), (395.8, 504.2), (396.36, 504.98), (396.69, 505.98), (396.8, 507.2)) 
47 ((396.8, 607.2), (403.2, 607.2), (403.64, 604.98), (404.2, 604.2), (404.98, 603.64), (405.98, 603.31), (407.2, 603.2), (407.2, 596.8), (404.98, 596.36), (404.2, 595.8), (403.64, 595.02), (403.31, 594.02), (403.2, 592.8), (396.8, 592.8), (396.36, 595.02), (395.8, 595.8), (395.02, 596.36), (394.02, 596.69), (392.8, 596.8), (392.8, 603.2), (395.02, 603.64), (395.8, 604.2), (396.36, 604.98), (396.69, 605.98), (396.8, 607.2)) 
48 ((396.8, 707.2), (403.2, 707.2), (403.64, 704.98), (404.2, 704.2), (404.98, 703.64), (405.98, 703.31), (407.2, 703.2), (407.2, 696.8), (404.98, 696.36), (404.2, 695.8), (403.64, 695.02), (403.31, 694.02), (403.2, 692.8), (396.8, 692.8), (396.36, 695.02), (395.8, 695.8), (395.02, 696.36), (394.02, 696.69), (392.8, 696.8), (392.8, 703.2), (395.02, 703.64), (395.8, 704.2), (396.36, 704.98), (396.69, 705.98), (396.8, 707.2)) 
49 ((396.8, 807.2), (403.2, 807.2), (403.64, 804.98), (404.2, 804.2), (404.98, 803.64), (405.98, 803.31), (407.2, 803.2), (407.2, 796.8), (404.98, 796.36), (404.2, 795.8), (403.64, 795.02), (403.31, 794.02), (403.2, 792.8), (396.8, 792.8), (396.36, 795.02), (395.8, 795.8), (395.02, 796.36), (394.02, 796.69), (392.8, 796.8), (392.8, 803.2), (395.02, 803.64), (395.8, 804.2), (396.36, 804.98), (396.69, 805.98), (396.8, 807.2)) 
50 ((407.2, 903.2), (407.2, 896.8), (404.98, 896.36), (404.2, 895.8), (403.64, 895.02), (403.31, 894.02), (403.2, 892.8), (396.8, 892.8), (396.36, 895.02), (395.8, 895.8), (395.02, 896.36), (394.02, 896.69), (392.8, 896.8), (392.8, 903.2), (407.2, 903.2)) 
51 ((496.8, 7.2), (503.2, 7.2), (503.64, 4.98), (504.2, 4.2), (504.98, 3.64), (505.98, 3.31), (507.2, 3.2), (507.2, -3.2), (492.8, -3.2), (492.8, 3.2), (495.02, 3.64), (495.8, 4.2), (496.36, 4.98), (496.69, 5.98), (496.8, 7.2)) 
52 ((496.8, 107.2), (503.2, 107.2), (503.64, 104.98), (504.2, 104.2), (504.98, 103.64), (505.98, 103.31), (507.2, 103.2), (507.2, 96.8), (504.98, 96.36), (504.2, 95.8), (503.64, 95.02), (503.31, 94.02), (503.2, 92.8), (496.8, 92.8), (496.36, 95.02), (495.8, 95.8), (495.02, 96.36), (494.02, 96.69), (492.8, 96.8), (492.8, 103.2), (495.02, 103.64), (495.8, 104.2), (496.36, 104.98), (496.69, 105.98), (496.8, 107.2)) 
53 ((496.8, 207.2), (503.2, 207.2), (503.64, 204.98), (504.2, 204.2), (504.98, 203.64), (505.98, 203.31), (507.2, 203.2), (507.2, 196.8), (504.98, 196.36), (504.2, 195.8), (503.64, 195.02), (503.31, 194.02), (503.2, 192.8), (496.8, 192.8), (496.36, 195.02), (495.8, 195.8), (495.02, 196.36), (494.02, 196.69), (492.8, 196.8), (492.8, 203.2), (495.02, 203.64), (495.8, 204.2), (496.36, 204.98), (496.69, 205.98), (496.8, 207.2)) 
54 ((496.8, 307.2), (503.2, 307.2), (503.64, 304.98), (504.2, 304.2), (504.98, 303.64), (505.98, 303.31), (507.2, 303.2), (507.2, 296.8), (504.98, 296.36), (504.2, 295.8), (503.64, 295.02), (503.31, 294.02), (503.2, 292.8), (496.8, 292.8), (496.36, 295.02), (495.8, 295.8), (495.02, 296.36), (494.02, 296.69), (492.8, 296.8), (492.8, 303.2), (495.02, 303.64), (495.8, 304.2), (496.36, 304.98), (496.69, 305.98), (496.8, 307.2)) 
55 ((496.8, 407.2), (503.2, 407.2), (503.64, 404.98), (504.2, 404.2), (504.98, 403.64), (505.98, 403.31), (507.2, 403.2), (507.2, 396.8), (504.98, 396.36), (504.2, 395.8), (503.64, 395.02), (503.31, 394.02), (503.2, 392.8), (496.8, 392.8), (496.36, 395.02), (495.8, 395.8), (495.02, 396.36), (494.02, 396.69), (492.8, 396.8), (492.8, 403.2), (495.02, 403.64), (495.8, 404.2), (496.36, 404.98), (496.69, 405.98), (496.8, 407.2)) 
56 ((496.8, 507.2), (503.2, 507.2), (503.64, 504.98), (504.2, 504.2), (504.98, 503.64), (505.98, 503.31), (507.2, 503.2), (507.2, 496.8), (504.98, 496.36), (504.2, 495.8), (503.64, 495.02), (503.31, 494.02), (503.2, 492.8), (496.8, 492.8), (496.36, 495.02), (495.8, 495.8), (495.02, 496.36), (494.02, 496.69), (492.8, 496.8), (492.8, 503.2), (495.02, 503.64), (495.8, 504.2), (496.36, 504.98), (496.69, 505.98), (496.8, 507.2)) 
57 ((496.8, 607.2), (503.2, 607.2), (503.64, 604.98), (504.2, 604.2), (504.98, 603.64), (505.98, 603.31), (507.2, 603.2), (507.2, 596.8), (504.98, 596.36), (504.2, 595.8), (503.64, 595.02), (503.31, 594.02), (503.2, 592.8), (496.8, 592.8), (496.36, 595.02), (495.8, 595.8), (495.02, 596.36), (494.02, 596.69), (492.8, 596.8), (492.8, 603.2), (495.02, 603.64), (495.8, 604.2), (496.36, 604.98), (496.69, 605.98), (496.8, 607.2)) 
58 ((496.8, 707.2), (503.2, 707.2), (503.64, 704.98), (504.2, 704.2), (504.98, 703.64), (505.98, 703.31), (507.2, 703.2), (507.2, 696.8), (504.98, 696.36), (504.2, 695.8), (503.64, 695.02), (503.31, 694.02), (503.2, 692.8), (496.8, 692.8), (496.36, 695.02), (495.8, 695.8), (495.02, 696.36), (494.02, 696.69), (492.8, 696.8), (492.8, 703.2), (495.02, 703.64), (495.8, 704.2), (496.36, 704.98), (496.69, 705.98), (496.8, 707.2)) 
59 ((496.8, 807.2), (503.2, 807.2), (503.64, 804.98), (504.2, 804.2), (504.98, 803.64), (505.98, 803.31), (507.2, 803.2), (507.2, 796.8), (504.98, 796.36), (504.2, 795.8), (503.64, 795.02), (503.31, 794.02), (503.2, 792.8), (496.8, 792.8), (496.36, 795.02), (495.8, 795.8), (495.02, 796.36), (494.02, 796.69), (492.8, 796.8), (492.8, 803.2), (495.02, 803.64), (495.8, 804.2), (496.36, 804.98), (496.69, 805.98), (496.8, 807.2)) 
60 ((507.2, 903.2), (507.2, 896.8), (504.98, 896.36), (504.2, 895.8), (503.64, 895.02), (503.31, 894.02), (503.2, 892.8), (496.8, 892.8), (496.36, 895.02), (495.8, 895.8), (495.02, 896.36), (494.02, 896.69), (492.8, 896.8), (492.8, 903.2), (507.2, 903.2)) 
61 ((596.8, 7.2), (603.2, 7.2), (603.64, 4.98), (604.2, 4.2), (604.98, 3.64), (605.98, 3.31), (607.2, 3.2), (607.2, -3.2), (592.8, -3.2), (592.8, 3.2), (595.02, 3.64), (595.8, 4.2), (596.36, 4.98), (596.69, 5.98), (596.8, 7.2)) 
62 ((596.8, 107.2), (603.2, 107.2), (603.64, 104.98), (604.2, 104.2), (604.98, 103.64), (605.98, 103.31), (607.2, 103.2), (607.2, 96.8), (604.98, 96.36), (604.2, 95.8), (603.64, 95.02), (603.31, 94.02), (603.2, 92.8), (596.8, 92.8), (596.36, 95.02), (595.8, 95.8), (595.02, 96.36), (594.02, 96.69), (592.8, 96.8), (592.8, 103.2), (595.02, 103.64), (595.8, 104.2), (596.36, 104.98), (596.69, 105.98), (596.8, 107.2)) 
63 ((596.8, 207.2), (603.2, 207.2), (603.64, 204.98), (604.2, 204.2), (604.98, 203.64), (605.98, 203.31), (607.2, 203.2), (607.2, 196.8), (604.98, 196.36), (604.2, 195.8), (603.64, 195.02), (603.31, 194.02), (603.2, 192.8), (596.8, 192.8), (596.36, 195.02), (595.8, 195.8), (595.02, 196.36), (594.02, 196.69), (592.8, 196.8), (592.8, 203.2), (595.02, 203.64), (595.8, 204.2), (596.36, 204.98), (596.69, 205.98), (596.8, 207.2)) 
64 ((596.8, 307.2), (603.2, 307.2), (603.64, 304.98), (604.2, 304.2), (604.98, 303.64), (605.98, 303.31), (607.2, 303.2), (607.2, 296.8), (604.98, 296.36), (604.2, 295.8), (603.64, 295.02), (603.31, 294.02), (603.2, 292.8), (596.8, 292.8), (596.36, 295.02), (595.8, 295.8), (595.02, 296.36), (594.02, 296.69), (592.8, 296.8), (592.8, 303.2), (595.02, 303.64), (595.8, 304.2), (596.36, 304.98), (596.69, 305.98), (596.8, 307.2)) 
65 ((596.8, 407.2), (603.2, 407.2), (603.64, 404.98), (604.2, 404.2), (604.98, 403.64), (605.98, 403.31), (607.2, 403.2), (607.2, 396.8), (604.98, 396.36), (604.2, 395.8), (603.64, 395.02), (603.31, 394.02), (603.2, 392.8), (596.8, 392.8), (596.36, 395.02), (595.8, 395.8), (595.02, 396.36), (594.02, 396.69), (592.8, 396.8), (592.8, 403.2), (595.02, 403.64), (595.8, 404.2), (596.36, 404.98), (596.69, 405.98), (596.8, 407.2)) 
66 ((596.8, 507.2), (603.2, 507.2), (603.64, 504.98), (604.2, 504.2), (604.98, 503.64), (605.98, 503.31), (607.2, 503.2), (607.2, 496.8), (604.98, 496.36), (604.2, 495.8), (603.64, 495.02), (603.31, 494.02), (603.2, 492.8), (596.8, 492.8), (596.36, 495.02), (595.8, 495.8), (595.02, 496.36), (594.02, 496.69), (592.8, 496.8), (592.8, 503.2), (595.02, 503.64), (595.8, 504.2), (596.36, 504.98), (596.69, 505.98), (596.8, 507.2)) 
67 ((596.8, 607.2), (603.2, 607.2), (603.64, 604.98), (604.2, 604.2), (604.98, 603.64), (605.98, 603.31), (607.2, 603.2), (607.2, 596.8), (604.98, 596.36), (604.2, 595.8), (603.64, 595.02), (603.31, 594.02), (603.2, 592.8), (596.8, 592.8), (596.36, 595.02), (595.8, 595.8), (595.02, 596.36), (594.02, 596.69), (592.8, 596.8), (592.8, 603.2), (595.02, 603.64), (595.8, 604.2), (596.36, 604.98), (596.69, 605.98), (596.8, 607.2)) 
68 ((596.8, 707.2), (603.2, 707.2), (603.64, 704.98), (604.2, 704.2), (604.98, 703.64), (605.98, 703.31), (607.2, 703.2), (607.2, 696.8), (604.98, 696.36), (604.2, 695.8), (603.64, 695.02), (603.31, 694.02), (603.2, 692.8), (596.8, 692.8), (596.36, 695.02), (595.8, 695.8), (595.02, 696.36), (594.02, 696.69), (592.8, 696.8), (592.8, 703.2), (595.02, 703.64), (595.8, 704.2), (596.36, 704.98), (596.69, 705.98), (596.8, 707.2)) 
69 ((596.8, 807.2), (603.2, 807.2), (603.64, 804.98), (604.2, 804.2), (604.98, 803.64), (605.98, 803.31), (607.2, 803.2), (607.2, 796.8), (604.98, 796.36), (604.2, 795.8), (603.64, 795.02), (603.31, 794.02), (603.2, 792.8), (596.8, 792.8), (596.36, 795.02), (595.8, 795.8), (595.02, 796.36), (594.02, 796.69), (592.8, 796.8), (592.8, 803.2), (595.02, 803.64), (595.8, 804.2), (596.36, 804.98), (596.69, 805.98), (596.8, 807.2)) 
70 ((607.2, 903.2), (607.2, 896.8), (604.98, 896.36), (604.2, 895.8), (603.64, 895.02), (603.31, 894.02), (603.2, 892.8), (596.8, 892.8), (596.36, 895.02), (595.8, 895.8), (595.02, 896.36), (594.02, 896.69), (592.8, 896.8), (592.8, 903.2), (607.2, 903.2)) 
71 ((696.8, 7.2), (703.2, 7.2), (703.64, 4.98), (704.2, 4.2), (704.98, 3.64), (705.98, 3.31), (707.2, 3.2), (707.2, -3.2), (692.8, -3.2), (692.8, 3.2), (695.02, 3.64), (695.8, 4.2), (696.36, 4.98), (696.69, 5.98), (696.8, 7.2)) 
72 ((696.8, 107.2), (703.2, 107.2), (703.64, 104.98), (704.2, 104.2), (704.98, 103.64), (705.98, 103.31), (707.2, 103.2), (707.2, 96.8), (704.98, 96.36), (704.2, 95.8), (703.64, 95.02), (703.31, 94.02), (703.2, 92.8), (696.8, 92.8), (696.36, 95.02), (695.8, 95.8), (695.02, 96.36), (694.02, 96.69), (692.8, 96.8), (692.8, 103.2), (695.02, 103.64), (695.8, 104.2), (696.36, 104.98), (696.69, 105.98), (696.8, 107.2)) 
73 ((696.8, 207.2), (703.2, 207.2), (703.64, 204.98), (704.2, 204.2), (704.98, 203.64), (705.98, 203.31), (707.2, 203.2), (707.2, 196.8), (704.98, 196.36), (704.2, 195.8), (703.64, 195.02), (703.31, 194.02), (703.2, 192.8), (696.8, 192.8), (696.36, 195.02), (695.8, 195.8), (695.02, 196.36), (694.02, 196.69), (692.8, 196.8), (692.8, 203.2), (695.02, 203.64), (695.8, 204.2), (696.36, 204.98), (696.69, 205.98), (696.8, 207.2)) 
74 ((696.8, 307.2), (703.2, 307.2), (703.64, 304.98), (704.2, 304.2), (704.98, 303.64), (705.98, 303.31), (707.2, 303.2), (707.2, 296.8), (704.98, 296.36), (704.2, 295.8), (703.64, 295.02), (703.31, 294.02), (703.2, 292.8), (696.8, 292.8), (696.36, 295.02), (695.8, 295.8), (695.02, 296.36), (694.02, 296.69), (692.8, 296.8), (692.8, 303.2), (695.02, 303.64), (695.8, 304.2), (696.36, 304.98), (696.69, 305.98), (696.8, 307.2)) 
75 ((696.8, 407.2), (703.2, 407.2), (703.64, 404.98), (704.2, 404.2), (704.98, 403.64), (705.98, 403.31), (707.2, 403.2), (707.2, 396.8), (704.98, 396.36), (704.2, 395.8), (703.64, 395.02), (703.31, 394.02), (703.2, 392.8), (696.8, 392.8), (696.36, 395.02), (695.8, 395.8), (695.02, 396.36), (694.02, 396.69), (692.8, 396.8), (692.8, 403.2), (695.02, 403.64), (695.8, 404.2), (696.36, 404.98), (696.69, 405.98), (696.8, 407.2)) 
76 ((696.8, 507.2), (703.2, 507.2), (703.64, 504.98), (704.2, 504.2), (704.98, 503.64), (705.98, 503.31), (707.2, 503.2), (707.2, 496.8), (704.98, 496.36), (704.2, 495.8), (703.64, 495.02), (703.31, 494.02), (703.2, 492.8), (696.8, 492.8), (696.36, 495.02), (695.8, 495.8), (695.02, 496.36), (694.02, 496.69), (692.8, 496.8), (692.8, 503.2), (695.02, 503.64), (695.8, 504.2), (696.36, 504.98), (696.69, 505.98), (696.8, 507.2)) 
77 ((696.8, 607.2), (703.2, 607.2), (703.64, 604.98), (704.2, 604.2), (704.98, 603.64), (705.98, 603.31), (707.2, 603.2), (707.2, 596.8), (704.98, 596.36), (704.2, 595.8), (703.64, 595.02), (703.31, 594.02), (703.2, 592.8), (696.8, 592.8), (696.36, 595.02), (695.8, 595.8), (695.02, 596.36), (694.02, 596.69), (692.8, 596.8), (692.8, 603.2), (695.02, 603.64), (695.8, 604.2), (696.36, 604.98), (696.69, 605.98), (696.8, 607.2)) 
78 ((696.8, 707.2), (703.2, 707.2), (703.64, 704.98), (704.2, 704.2), (704.98, 703.64), (705.98, 703.31), (707.2, 703.2), (707.2, 696.8), (704.98, 696.36), (704.2, 695.8), (703.64, 695.02), (703.31, 694.02), (703.2, 692.8), (696.8, 692.8), (696.36, 695.02), (695.8, 695.8), (695.02, 696.36), (694.02, 696.69), (692.8, 696.8), (692.8, 703.2), (695.02, 703.64), (695.8, 704.2), (696.36, 704.98), (696.69, 705.98), (696.8, 707.2)) 
79 ((696.8, 807.2), (703.2, 807.2), (703.64, 804.98), (704.2, 804.2), (704.98, 803.64), (705.98, 803.31), (707.2, 803.2), (707.2, 796.8), (704.98, 796.36), (704.2, 795.8), (703.64, 795.02), (703.31, 794.02), (703.2, 792.8), (696.8, 792.8), (696.36, 795.02), (695.8, 795.8), (695.02, 796.36), (694.02, 796.69), (692.8, 796.8), (692.8, 803.2), (695.02, 803.64), (695.8, 804.2), (696.36, 804.98), (696.69, 805.98), (696.8, 807.2)) 
80 ((707.2, 903.2), (707.2, 896.8), (704.98, 896.36), (704.2, 895.8), (703.64, 895.02), (703.31, 894.02), (703.2, 892.8), (696.8, 892.8), (696.36, 895.02), (695.8, 895.8), (695.02, 896.36), (694.02, 896.69), (692.8, 896.8), (692.8, 903.2), (707.2, 903.2)) 
81 ((796.8, 7.2), (803.2, 7.2), (803.64, 4.98), (804.2, 4.2), (804.98, 3.64), (805.98, 3.31), (807.2, 3.2), (807.2, -3.2), (792.8, -3.2), (792.8, 3.2), (795.02, 3.64), (795.8, 4.2), (796.36, 4.98), (796.69, 5.98), (796.8, 7.2)) 
82 ((796.8, 107.2), (803.2, 107.2), (803.64, 104.98), (804.2, 104.2), (804.98, 103.64), (805.98, 103.31), (807.2, 103.2), (807.2, 96.8), (804.98, 96.36), (804.2, 95.8), (803.64, 95.02), (803.31, 94.02), (803.2, 92.8), (796.8, 92.8), (796.36, 95.02), (795.8, 95.8), (795.02, 96.36), (794.02, 96.69), (792.8, 96.8), (792.8, 103.2), (795.02, 103.64), (795.8, 104.2), (796.36, 104.98), (796.69, 105.98), (796.8, 107.2)) 
83 ((796.8, 207.2), (803.2, 207.2), (803.64, 204.98), (804.2, 204.2), (804.98, 203.64), (805.98, 203.31), (807.2, 203.2), (807.2, 196.8), (804.98, 196.36), (804.2, 195.8), (803.64, 195.02), (803.31, 194.02), (803.2, 192.8), (796.8, 192.8), (796.36, 195.02), (795.8, 195.8), (795.02, 196.36), (794.02, 196.69), (792.8, 196.8), (792.8, 203.2), (795.02, 203.64), (795.8, 204.2), (796.36, 204.98), (796.69, 205.98), (796.8, 207.2)) 
84 ((796.8, 307.2), (803.2, 307.2), (803.64, 304.98), (804.2, 304.2), (804.98, 303.64), (805.98, 303.31), (807.2, 303.2), (807.2, 296.8), (804.98, 296.36), (804.2, 295.8), (803.64, 295.02), (803.31, 294.02), (803.2, 292.8), (796.8, 292.8), (796.36, 295.02), (795.8, 295.8), (795.02, 296.36), (794.02, 296.69), (792.8, 296.8), (792.8, 303.2), (795.02, 303.64), (795.8, 304.2), (796.36, 304.98), (796.69, 305.98), (796.8, 307.2)) 
85 ((796.8, 407.2), (803.2, 407.2), (803.64, 404.98), (804.2, 404.2), (804.98, 403.64), (805.98, 403.31), (807.2, 403.2), (807.2, 396.8), (804.98, 396.36), (804.2, 395.8), (803.64, 395.02), (803.31, 394.02), (803.2, 392.8), (796.8, 392.8), (796.36, 395.02), (795.8, 395.8), (795.02, 396.36), (794.02, 396.69), (792.8, 396.8), (792.8, 403.2), (795.02, 403.64), (795.8, 404.2), (796.36, 404.98), (796.69, 405.98), (796.8, 407.2)) 
86 ((796.8, 507.2), (803.2, 507.2), (803.64, 504.98), (804.2, 504.2), (804.98, 503.64), (805.98, 503.31), (807.2, 503.2), (807.2, 496.8), (804.98, 496.36), (804.2, 495.8), (803.64, 495.02), (803.31, 494.02), (803.2, 492.8), (796.8, 492.8), (796.36, 495.02), (795.8, 495.8), (795.02, 496.36), (794.02, 496.69), (792.8, 496.8), (792.8, 503.2), (795.02, 503.64), (795.8, 504.2), (796.36, 504.98), (796.69, 505.98), (796.8, 507.2)) 
87 ((796.8, 607.2), (803.2, 607.2), (803.64, 604.98), (804.2, 604.2), (804.98, 603.64), (805.98, 603.31), (807.2, 603.2), (807.2, 596.8), (804.98, 596.36), (804.2, 595.8), (803.64, 595.02), (803.31, 594.02), (803.2, 592.8), (796.8, 592.8), (796.36, 595.02), (795.8, 595.8), (795.02, 596.36), (794.02, 596.69), (792.8, 596.8), (792.8, 603.2), (795.02, 603.64), (795.8, 604.2), (796.36, 604.98), (796.69, 605.98), (796.8, 607.2)) 
88 ((796.8, 707.2), (803.2, 707.2), (803.64, 704.98), (804.2, 704.2), (804.98, 703.64), (805.98, 703.31), (807.2, 703.2), (807.2, 696.8), (804.98, 696.36), (804.2, 695.8), (803.64, 695.02), (803.31, 694.02), (803.2, 692.8), (796.8, 692.8), (796.36, 695.02), (795.8, 695.8), (795.02, 696.36), (794.02, 696.69), (792.8, 696.8), (792.8, 703.2), (795.02, 703.64), (795.8, 704.2), (796.36, 704.98), (796.69, 705.98), (796.8, 707.2)) 
89 ((796.8, 807.2), (803.2, 807.2), (803.64, 804.98), (804.2, 804.2), (804.98, 803.64), (805.98, 803.31), (807.2, 803.2), (807.2, 796.8), (804.98, 796.36), (804.2, 795.8), (803.64, 795.02), (803.31, 794.02), (803.2, 792.8), (796.8, 792.8), (796.36, 795.02), (795.8, 795.8), (795.02, 796.36), (794.02, 796.69), (792.8, 796.8), (792.8, 803.2), (795.02, 803.64), (795.8, 804.2), (796.36, 804.98), (796.69, 805.98), (796.8, 807.2)) 
90 ((807.2, 903.2), (807.2, 896.8), (804.98, 896.36), (804.2, 895.8), (803.64, 895.02), (803.31, 894.02), (803.2, 892.8), (796.8, 892.8), (796.36, 895.02), (795.8, 895.8), (795.02, 896.36), (794.02, 896.69), (792.8, 896.8), (792.8, 903.2), (807.2, 903.2)) 
91 ((896.8, 3.2), (903.2, 3.2), (902.49, -0.36), (901.6, -1.6), (900.36, -2.49), (898.76, -3.02), (896.8, -3.2), (896.8, 3.2)) 
92 ((896.8, 107.2), (903.2, 107.2), (903.2, 92.8), (896.8, 92.8), (896.36, 95.02), (895.8, 95.8), (895.02, 96.36), (894.02, 96.69), (892.8, 96.8), (892.8, 103.2), (895.02, 103.64), (895.8, 104.2), (896.36, 104.98), (896.69, 105.98), (896.8, 107.2)) 
93 ((896.8, 207.2), (903.2, 207.2), (903.2, 192.8), (896.8, 192.8), (896.36, 195.02), (895.8, 195.8), (895.02, 196.36), (894.02, 196.69), (892.8, 196.8), (892.8, 203.2), (895.02, 203.64), (895.8, 204.2), (896.36, 204.98), (896.69, 205.98), (896.8, 207.2)) 
94 ((896.8, 307.2), (903.2, 307.2), (903.2, 292.8), (896.8, 292.8), (896.36, 295.02), (895.8, 295.8), (895.02, 296.36), (894.02, 296.69), (892.8, 296.8), (892.8, 303.2), (895.02, 303.64), (895.8, 304.2), (896.36, 304.98), (896.69, 305.98), (896.8, 307.2)) 
95 ((896.8, 407.2), (903.2, 407.2), (903.2, 392.8), (896.8, 392.8), (896.36, 395.02), (895.8, 395.8), (895.02, 396.36), (894.02, 396.69), (892.8, 396.8), (892.8, 403.2), (895.02, 403.64), (895.8, 404.2), (896.36, 404.98), (896.69, 405.98), (896.8, 407.2)) 
96 ((896.8, 507.2), (903.2, 507.2), (903.2, 492.8), (896.8, 492.8), (896.36, 495.02), (895.8, 495.8), (895.02, 496.36), (894.02, 496.69), (892.8, 496.8), (892.8, 503.2), (895.02, 503.64), (895.8, 504.2), (896.36, 504.98), (896.69, 505.98), (896.8, 507.2)) 
97 ((896.8, 607.2), (903.2, 607.2), (903.2, 592.8), (896.8, 592.8), (896.36, 595.02), (895.8, 595.8), (895.02, 596.36), (894.02, 596.69), (892.8, 596.8), (892.8, 603.2), (895.02, 603.64), (895.8, 604.2), (896.36, 604.98), (896.69, 605.98), (896.8, 607.2)) 
98 ((896.8, 707.2), (903.2, 707.2), (903.2, 692.8), (896.8, 692.8), (896.36, 695.02), (895.8, 695.8), (895.02, 696.36), (894.02, 696.69), (892.8, 696.8), (892.8, 703.2), (895.02, 703.64), (895.8, 704.2), (896.36, 704.98), (896.69, 705.98), (896.8, 707.2)) 
99 ((896.8, 807.2), (903.2, 807.2), (903.2, 792.8), (896.8, 792.8), (896.36, 795.02), (895.8, 795.8), (895.02, 796.36), (894.02, 796.69), (892.8, 796.8), (892.8, 803.2), (895.02, 803.64), (895.8, 804.2), (896.36, 804.98), (896.69, 805.98), (896.8, 807.2)) 
100 ((903.2, 896.8), (896.8, 896.8), (896.8, 903.2), (900.36, 902.49), (901.6, 901.6), (902.49, 900.36), (903.02, 898.76), (903.2, 896.8)) 
